rem Patch: 0, 0

Object.create nc_deadlog01
Object.absoluteTransformation [-0.347394/0.0207488/-0.877317/0][0.314886/0.943593/-0.10237/0][0.825706/-0.311817/-0.334332/0][-979.052/49.9845/-831.977/1]
Object.isOvergrowth 1

Object.create fir_tall
Object.absoluteTransformation [0.0125322/0/0.999921/0][0/1/0/0][-0.999921/0/0.0125322/0][-909.918/39.109/-806.406/1]
Object.isOvergrowth 1

Object.create fir_mixed02
Object.absoluteTransformation [-0.896386/0/0.443275/0][0/1/0/0][-0.443275/0/-0.896386/0][-977.944/52.7333/-867.28/1]
Object.isOvergrowth 1

Object.create fir_medium
Object.absoluteTransformation [-0.30623/0/-0.951958/0][0/1/0/0][0.951958/0/-0.30623/0][-1009.64/67.2446/-806.577/1]
Object.isOvergrowth 1

Object.create fir_medium
Object.absoluteTransformation [-0.059897/0/-0.998205/0][0/1/0/0][0.998205/0/-0.059897/0][-1013.05/54.5286/-920.724/1]
Object.isOvergrowth 1

Object.create fir_medium
Object.absoluteTransformation [0.934813/0/0.35514/0][0/1/0/0][-0.35514/0/0.934813/0][-944.559/36.3427/-923.446/1]
Object.isOvergrowth 1

Object.create fir_medium
Object.absoluteTransformation [-0.969477/0/-0.245184/0][0/1/0/0][0.245184/0/-0.969477/0][-1012.12/63.7945/-850.022/1]
Object.isOvergrowth 1

Object.create xp2_sprucetree_01
Object.absoluteTransformation [-0.92212/0.282265/-0.220397/0][0.308576/0.948093/-0.0768184/0][0.187274/-0.138845/-0.961355/0][-959.406/47.1877/-816.865/1]
Object.isOvergrowth 1

Object.create fir_medium
Object.absoluteTransformation [0.377405/0/0.926048/0][0/1/0/0][-0.926048/0/0.377405/0][-956.906/35.3093/-971.752/1]
Object.isOvergrowth 1

Object.create fir_mixed02
Object.absoluteTransformation [0.517363/0/-0.855766/0][0/1/0/0][0.855766/0/0.517363/0][-989.557/37.3106/-1014.01/1]
Object.isOvergrowth 1

Object.create fir_mixed02
Object.absoluteTransformation [0.981317/0/0.192396/0][0/1/0/0][-0.192396/0/0.981317/0][-981.602/51.9278/-883.982/1]
Object.isOvergrowth 1

Object.create fir_tall
Object.absoluteTransformation [-0.617218/0/0.786792/0][0/1/0/0][-0.786792/0/-0.617218/0][-1017.02/49.07/-979.272/1]
Object.isOvergrowth 1

Object.create fir_medium
Object.absoluteTransformation [-0.98176/0/-0.190126/0][0/1/0/0][0.190126/0/-0.98176/0][-905.971/31.3989/-868.13/1]
Object.isOvergrowth 1

Object.create fir_medium
Object.absoluteTransformation [0.654575/0/-0.755997/0][0/1/0/0][0.755997/0/0.654575/0][-976.531/39.1145/-969.776/1]
Object.isOvergrowth 1

Object.create fir_tall
Object.absoluteTransformation [-0.382799/0/0.923832/0][0/1/0/0][-0.923832/0/-0.382799/0][-940.426/36.1477/-962.732/1]
Object.isOvergrowth 1

Object.create nc_deadlog01
Object.absoluteTransformation [0.0925699/0.0852742/0.955221/0][0.258316/0.959696/-0.110707/0][-0.926162/0.256997/0.0668113/0][-1007.49/49.4936/-909.392/1]
Object.isOvergrowth 1

Object.create birch_green_2
Object.absoluteTransformation [-0.605799/0/0.795617/0][0/1/0/0][-0.795617/0/-0.605799/0][-889.432/32.7399/-996.131/1]
Object.isOvergrowth 1

Object.create birch_green_2
Object.absoluteTransformation [0.737387/0/-0.67547/0][0/1/0/0][0.67547/0/0.737387/0][-986.729/63.4633/-838.324/1]
Object.isOvergrowth 1

Object.create nc_fern01
Object.absoluteTransformation [0.939558/-0.172031/0.214872/0][0.213099/0.963815/-0.160155/0][-0.179545/0.196264/0.94222/0][-1006.36/39.2009/-978.484/1]
Object.isOvergrowth 1

Object.create nc_fern01
Object.absoluteTransformation [-0.0768257/0.161584/0.95502/0][0.248678/0.958106/-0.142102/0][-0.937972/0.226576/-0.11379/0][-995.964/43.9159/-929.295/1]
Object.isOvergrowth 1

Object.create birch_green_2
Object.absoluteTransformation [0.789459/0/-0.613803/0][0/1/0/0][0.613803/0/0.789459/0][-960.252/40.8723/-987.847/1]
Object.isOvergrowth 1

Object.create nc_fern01
Object.absoluteTransformation [-0.265949/-0.0691858/-0.934791/0][0.197533/0.971887/-0.128129/0][0.917376/-0.218728/-0.244805/0][-986.57/37.1932/-962.942/1]
Object.isOvergrowth 1

Object.create deciduous_bush_1
Object.absoluteTransformation [-0.648302/0.17031/-0.698424/0][0.299683/0.952939/-0.0458031/0][0.657755/-0.239/-0.668831/0][-1016/65.0919/-804.161/1]
Object.isOvergrowth 1

Object.create fir_tall
Object.absoluteTransformation [-0.0838539/0/0.996478/0][0/1/0/0][-0.996478/0/-0.0838539/0][-965.515/45.9705/-905.938/1]
Object.isOvergrowth 1

Object.create largeshrub_low_10m
Object.absoluteTransformation [-0.78138/0.256964/0.565682/0][0.242428/0.964651/-0.10333/0][-0.572238/0.0563974/-0.816054/0][-971.084/37.8203/-927.674/1]
Object.isOvergrowth 1

Object.create deciduous_bush_1
Object.absoluteTransformation [0.594157/0.0127243/0.784801/0][0.132476/0.984345/-0.116254/0][-0.773995/0.17304/0.58317/0][-961.224/28.4112/-1005.82/1]
Object.isOvergrowth 1

Object.create largeshrub_low_10m
Object.absoluteTransformation [0.912098/-0.312687/-0.26509/0][0.298709/0.94984/-0.0926128/0][0.280751/0.00528736/0.95975/0][-1004.9/59.1159/-828.993/1]
Object.isOvergrowth 1

Object.create nc_deadlog01
Object.absoluteTransformation [-0.957097/0.282563/0.0403083/0][0.280209/0.957946/-0.0618302/0][-0.0560841/-0.0478828/-0.996024/0][-918.934/33.4644/-810.703/1]
Object.isOvergrowth 1

Object.create nc_deadlog01
Object.absoluteTransformation [0.97151/-0.229448/0.0300612/0][0.230921/0.971975/-0.0440485/0][-0.0191119/0.0497353/0.997268/0][-950.107/32.6672/-921.246/1]
Object.isOvergrowth 1

Object.create nc_fern01
Object.absoluteTransformation [0.704273/-0.0454734/0.674177/0][0.183427/0.974944/-0.125855/0][-0.651562/0.212298/0.694967/0][-990.867/36.0163/-978.104/1]
Object.isOvergrowth 1

Object.create nc_deadlog01
Object.absoluteTransformation [0.639527/-0.223852/-0.71568/0][0.275476/0.959788/-0.0540407/0][0.698998/-0.162592/0.675476/0][-915.855/33.1093/-800.743/1]
Object.isOvergrowth 1

Object.create fir_medium
Object.absoluteTransformation [-0.741827/0/0.670591/0][0/1/0/0][-0.670591/0/-0.741827/0][-946.902/33.0172/-980.179/1]
Object.isOvergrowth 1

Object.create nc_deadlog01
Object.absoluteTransformation [-0.927366/0.111098/-0.354387/0][0.119976/0.992773/-0.00272673/0][0.351523/-0.0450467/-0.933994/0][-902.754/23.1822/-957.855/1]
Object.isOvergrowth 1

Object.create fir_medium
Object.absoluteTransformation [-0.457525/0/-0.889197/0][0/1/0/0][0.889197/0/-0.457525/0][-985.989/49.1025/-904.402/1]
Object.isOvergrowth 1

Object.create nc_deadlog01
Object.absoluteTransformation [-0.393829/0.226806/0.87177/0][0.260111/0.956601/-0.131369/0][-0.863731/0.17502/-0.435731/0][-998.301/45.2679/-922.267/1]
Object.isOvergrowth 1

Object.create nc_fern01
Object.absoluteTransformation [0.929322/-0.209198/0.269044/0][0.240483/0.967483/-0.0783894/0][-0.243897/0.137549/0.949411/0][-952.974/33.964/-915.76/1]
Object.isOvergrowth 1

Object.create fir_tall
Object.absoluteTransformation [0.57255/0/0.81987/0][0/1/0/0][-0.81987/0/0.57255/0][-1017.79/63.9671/-885.08/1]
Object.isOvergrowth 1

Object.create fir_tall
Object.absoluteTransformation [-0.804864/0/-0.59346/0][0/1/0/0][0.59346/0/-0.804864/0][-996.36/57.3051/-886.517/1]
Object.isOvergrowth 1

Object.create nc_fern01
Object.absoluteTransformation [-0.952551/0.258572/0.066034/0][0.24783/0.954837/-0.163909/0][-0.105434/-0.139766/-0.973613/0][-1009.98/45.5109/-942.237/1]
Object.isOvergrowth 1

Object.create deciduous_bush_1
Object.absoluteTransformation [0.344586/-0.284613/-0.818197/0][0.44379/0.887798/-0.12192/0][0.761094/-0.321096/0.432232/0][-1022.66/59.5034/-879.532/1]
Object.isOvergrowth 1

Object.create fir_medium
Object.absoluteTransformation [-0.830832/0/-0.556523/0][0/1/0/0][0.556523/0/-0.830832/0][-1020.45/43.4197/-1000.1/1]
Object.isOvergrowth 1

Object.create fir_medium
Object.absoluteTransformation [0.952434/0/-0.304745/0][0/1/0/0][0.304745/0/0.952434/0][-978.644/34.821/-1008.26/1]
Object.isOvergrowth 1

Object.create deciduous_bush_1
Object.absoluteTransformation [-0.0418677/0.146607/0.951509/0][0.273364/0.95243/-0.13472/0][-0.925997/0.254468/-0.0799531/0][-1011.15/52.4054/-901.07/1]
Object.isOvergrowth 1

Object.create birch_green_2
Object.absoluteTransformation [-0.816462/0/0.5774/0][0/1/0/0][-0.5774/0/-0.816462/0][-962.896/38.5336/-1012.07/1]
Object.isOvergrowth 1

Object.create fir_medium
Object.absoluteTransformation [0.9948/0/-0.101846/0][0/1/0/0][0.101846/0/0.9948/0][-978.615/44.5586/-926.423/1]
Object.isOvergrowth 1

Object.create largeshrub_low_10m
Object.absoluteTransformation [-0.457933/0.0523412/-0.863513/0][0.20537/0.977423/-0.0496646/0][0.841418/-0.200082/-0.458344/0][-946.354/30.9284/-941.214/1]
Object.isOvergrowth 1

Object.create fir_tall
Object.absoluteTransformation [-0.674305/0/0.738453/0][0/1/0/0][-0.738453/0/-0.674305/0][-1005.89/65.6477/-842.512/1]
Object.isOvergrowth 1

Object.create fir_medium
Object.absoluteTransformation [0.998337/0/-0.0576428/0][0/1/0/0][0.0576428/0/0.998337/0][-990.659/61.2834/-805.639/1]
Object.isOvergrowth 1

Object.create birch_green_2
Object.absoluteTransformation [0.207762/0/-0.978179/0][0/1/0/0][0.978179/0/0.207762/0][-988.885/53.6576/-926.715/1]
Object.isOvergrowth 1

Object.create birch_green_2
Object.absoluteTransformation [-0.984983/0/0.172651/0][0/1/0/0][-0.172651/0/-0.984983/0][-995.138/58.1283/-904.971/1]
Object.isOvergrowth 1

Object.create fir_tall
Object.absoluteTransformation [0.41991/0/-0.907566/0][0/1/0/0][0.907566/0/0.41991/0][-984.437/60.4888/-825.004/1]
Object.isOvergrowth 1

Object.create deciduous_bush_1
Object.absoluteTransformation [0.939142/-0.214757/0.182041/0][0.248293/0.956623/-0.152392/0][-0.141417/0.188317/0.951728/0][-1007.57/47.9895/-926.14/1]
Object.isOvergrowth 1

Object.create nc_fern01
Object.absoluteTransformation [0.649903/-0.15613/0.703748/0][0.282837/0.957932/-0.0486742/0][-0.666543/0.230679/0.666722/0][-916.115/33.2599/-804.832/1]
Object.isOvergrowth 1

Object.create fir_tall
Object.absoluteTransformation [0.601921/0/-0.798555/0][0/1/0/0][0.798555/0/0.601921/0][-893.443/28.7702/-1015.06/1]
Object.isOvergrowth 1

Object.create fir_medium
Object.absoluteTransformation [0.137616/0/-0.990486/0][0/1/0/0][0.990486/0/0.137616/0][-1000.39/63.1199/-821.061/1]
Object.isOvergrowth 1

Object.create largeshrub_low_10m
Object.absoluteTransformation [-0.63891/0.126464/-0.722196/0][0.258217/0.964247/-0.0595886/0][0.68884/-0.224555/-0.648723/0][-916.719/32.6901/-818.312/1]
Object.isOvergrowth 1

Object.create nc_fern01
Object.absoluteTransformation [-0.978298/0.197623/-0.02209/0][0.198887/0.978547/-0.0537532/0][0.0109933/-0.05698/-0.996615/0][-911.159/27.7703/-867.229/1]
Object.isOvergrowth 1

Object.create fir_tall
Object.absoluteTransformation [0.654749/0/-0.755847/0][0/1/0/0][0.755847/0/0.654749/0][-983.866/46.7222/-943.14/1]
Object.isOvergrowth 1

Object.create fir_tall
Object.absoluteTransformation [-0.961612/0/-0.274412/0][0/1/0/0][0.274412/0/-0.961612/0][-996.503/66.5788/-797.939/1]
Object.isOvergrowth 1

Object.create fir_tall
Object.absoluteTransformation [0.978278/0/0.207298/0][0/1/0/0][-0.207298/0/0.978278/0][-989.453/40.7716/-999.3/1]
Object.isOvergrowth 1

Object.create largeshrub_low_10m
Object.absoluteTransformation [0.967088/-0.181936/0.0476342/0][0.190147/0.96826/-0.162224/0][-0.0166079/0.165942/0.970987/0][-1015.08/36.1303/-1007.36/1]
Object.isOvergrowth 1

Object.create fir_medium
Object.absoluteTransformation [0.938773/0/-0.344536/0][0/1/0/0][0.344536/0/0.938773/0][-913.525/30.8914/-911.414/1]
Object.isOvergrowth 1

Object.create nc_fern01
Object.absoluteTransformation [-0.235005/-0.0407802/-0.952554/0][0.173809/0.981114/-0.0848833/0][0.938025/-0.18551/-0.223478/0][-948.847/30.4088/-955.961/1]
Object.isOvergrowth 1

Object.create fir_tall
Object.absoluteTransformation [0.895693/0/-0.444673/0][0/1/0/0][0.444673/0/0.895693/0][-997.715/62.8229/-844.675/1]
Object.isOvergrowth 1

Object.create deciduous_bush_1
Object.absoluteTransformation [-0.957119/0.246577/-0.0033585/0][0.247109/0.957125/-0.151157/0][-0.0340574/-0.145505/-0.977014/0][-1001.03/45.1215/-933.556/1]
Object.isOvergrowth 1

Object.create fir_tall
Object.absoluteTransformation [-0.805/0/0.593275/0][0/1/0/0][-0.593275/0/-0.805/0][-1016.25/71.3886/-817.384/1]
Object.isOvergrowth 1

Object.create fir_medium
Object.absoluteTransformation [-0.120804/0/0.992676/0][0/1/0/0][-0.992676/0/-0.120804/0][-983.549/38.4374/-987.252/1]
Object.isOvergrowth 1

Object.create fir_medium
Object.absoluteTransformation [0.160324/0/0.987064/0][0/1/0/0][-0.987064/0/0.160324/0][-971.857/34.0574/-1006.41/1]
Object.isOvergrowth 1

Object.create fir_tall
Object.absoluteTransformation [-0.329213/0/-0.944256/0][0/1/0/0][0.944256/0/-0.329213/0][-893.686/29.839/-980.118/1]
Object.isOvergrowth 1

Object.create fir_medium
Object.absoluteTransformation [-0.39914/0/0.91689/0][0/1/0/0][-0.91689/0/-0.39914/0][-1001.32/47.326/-946.834/1]
Object.isOvergrowth 1

Object.create deciduous_bush_1
Object.absoluteTransformation [0.121422/0.120025/0.934657/0][0.293815/0.942511/-0.159204/0][-0.900033/0.293947/0.0791766/0][-1016.45/48.1527/-940.286/1]
Object.isOvergrowth 1

Object.create birch_green_2
Object.absoluteTransformation [0.517003/0/0.855984/0][0/1/0/0][-0.855984/0/0.517003/0][-973.536/46.417/-957.562/1]
Object.isOvergrowth 1

Object.create largeshrub_low_10m
Object.absoluteTransformation [-0.636426/0.256423/0.703694/0][0.308806/0.948801/-0.0664519/0][-0.684705/0.175013/-0.683026/0][-983.559/54.7204/-799.988/1]
Object.isOvergrowth 1

Object.create fir_tall
Object.absoluteTransformation [-0.0982296/0/0.995164/0][0/1/0/0][-0.995164/0/-0.0982296/0][-1006.01/58.5962/-897.264/1]
Object.isOvergrowth 1

Object.create nc_fern01
Object.absoluteTransformation [0.464882/-0.0387274/0.835304/0][0.273063/0.955954/-0.10765/0][-0.794344/0.278135/0.454981/0][-982.012/42.5132/-910.593/1]
Object.isOvergrowth 1

Object.create deciduous_bush_1
Object.absoluteTransformation [-0.805227/0.0941539/-0.560531/0][0.173809/0.981114/-0.0848833/0][0.541953/-0.165776/-0.806384/0][-968.761/31.8503/-987.153/1]
Object.isOvergrowth 1

Object.create nc_deadlog01
Object.absoluteTransformation [0.0741962/-0.0789835/-0.979939/0][0.172748/0.982744/-0.06613/0][0.968252/-0.164376/0.08656/0][-942.739/29.0146/-956.469/1]
Object.isOvergrowth 1

Object.create fir_tall
Object.absoluteTransformation [-0.847794/0/0.530325/0][0/1/0/0][-0.530325/0/-0.847794/0][-924.848/41.6757/-829.091/1]
Object.isOvergrowth 1

Object.create fir_medium
Object.absoluteTransformation [-0.959871/0/-0.280444/0][0/1/0/0][0.280444/0/-0.959871/0][-1007.52/48.0242/-952.07/1]
Object.isOvergrowth 1

Object.create fir_tall
Object.absoluteTransformation [0.0890095/0/-0.996031/0][0/1/0/0][0.996031/0/0.0890095/0][-1021.75/54.2697/-956.507/1]
Object.isOvergrowth 1

Object.create fir_tall
Object.absoluteTransformation [-0.560103/0/0.828423/0][0/1/0/0][-0.828423/0/-0.560103/0][-1017.27/65.1722/-874.495/1]
Object.isOvergrowth 1

Object.create fir_tall
Object.absoluteTransformation [-0.200409/0/0.979712/0][0/1/0/0][-0.979712/0/-0.200409/0][-1005.78/56.398/-914.635/1]
Object.isOvergrowth 1

Object.create fir_tall
Object.absoluteTransformation [0.870385/0/-0.492372/0][0/1/0/0][0.492372/0/0.870385/0][-983.131/42.6548/-975.233/1]
Object.isOvergrowth 1

Object.create fir_medium
Object.absoluteTransformation [0.77676/0/0.629797/0][0/1/0/0][-0.629797/0/0.77676/0][-968.895/45.8827/-889.291/1]
Object.isOvergrowth 1

Object.create largeshrub_low_10m
Object.absoluteTransformation [0.326613/-0.13544/-0.912746/0][0.238302/0.969423/-0.0585771/0][0.89277/-0.198378/0.348901/0][-913.657/29.2732/-854.38/1]
Object.isOvergrowth 1

Object.create nc_deadlog01
Object.absoluteTransformation [0.512915/-0.207112/-0.817944/0][0.243958/0.965461/-0.0914842/0][0.808641/-0.15262/0.545727/0][-965.076/35.8533/-928.731/1]
Object.isOvergrowth 1

Object.create fir_medium
Object.absoluteTransformation [-0.547135/0/-0.837044/0][0/1/0/0][0.837044/0/-0.547135/0][-915.815/32.8045/-884.444/1]
Object.isOvergrowth 1

Object.create nc_deadlog01
Object.absoluteTransformation [0.737488/-0.185511/-0.640081/0][0.211885/0.97652/-0.0388903/0][0.632267/-0.106943/0.759479/0][-938.587/28.6022/-947.155/1]
Object.isOvergrowth 1

Object.create fir_tall
Object.absoluteTransformation [0.0721878/0/0.997391/0][0/1/0/0][-0.997391/0/0.0721878/0][-1020.49/41.9802/-1021.38/1]
Object.isOvergrowth 1

Object.create fir_tall
Object.absoluteTransformation [-0.695825/0/0.718211/0][0/1/0/0][-0.718211/0/-0.695825/0][-998.456/66.5526/-807.647/1]
Object.isOvergrowth 1

Object.create fir_tall
Object.absoluteTransformation [-0.967364/0/-0.25339/0][0/1/0/0][0.25339/0/-0.967364/0][-999.899/47.9095/-960.905/1]
Object.isOvergrowth 1

Object.create largeshrub_low_10m
Object.absoluteTransformation [-0.368252/0.032343/-0.871092/0][0.310405/0.945733/-0.0961087/0][0.820713/-0.305784/-0.358308/0][-983.193/50.5357/-844.353/1]
Object.isOvergrowth 1

Object.create birch_green_2
Object.absoluteTransformation [0.824807/0/0.565415/0][0/1/0/0][-0.565415/0/0.824807/0][-952.605/39.0544/-993.712/1]
Object.isOvergrowth 1

Object.create nc_fern01
Object.absoluteTransformation [-0.732381/0.204713/0.641474/0][0.220608/0.973587/-0.0588288/0][-0.636574/0.0984292/-0.758198/0][-951.112/32.9442/-925.854/1]
Object.isOvergrowth 1

Object.create nc_deadlog01
Object.absoluteTransformation [0.615896/-0.108847/-0.77519/0][0.137326/0.990074/-0.0299125/0][0.770751/-0.0880303/0.62473/0][-908.471/24.8205/-917.546/1]
Object.isOvergrowth 1

Object.create fir_tall
Object.absoluteTransformation [0.709743/0/0.704461/0][0/1/0/0][-0.704461/0/0.709743/0][-1022.94/61.3801/-915.646/1]
Object.isOvergrowth 1

Object.create fir_medium
Object.absoluteTransformation [0.975691/0/-0.219149/0][0/1/0/0][0.219149/0/0.975691/0][-1003.68/41.1806/-992.213/1]
Object.isOvergrowth 1

Object.create fir_tall
Object.absoluteTransformation [-0.112304/0/0.993674/0][0/1/0/0][-0.993674/0/-0.112304/0][-984.53/49.959/-919.013/1]
Object.isOvergrowth 1

Object.create fir_medium
Object.absoluteTransformation [0.823992/0/-0.566601/0][0/1/0/0][0.566601/0/0.823992/0][-970.863/43.4431/-917.501/1]
Object.isOvergrowth 1

Object.create fir_medium
Object.absoluteTransformation [-0.999975/0/-0.0070611/0][0/1/0/0][0.0070611/0/-0.999975/0][-1010.9/47.7095/-959.437/1]
Object.isOvergrowth 1

Object.create largeshrub_low_10m
Object.absoluteTransformation [-0.852415/0.232305/0.468329/0][0.199013/0.972596/-0.120209/0][-0.48342/-0.00926462/-0.875288/0][-988.762/38.8066/-954.128/1]
Object.isOvergrowth 1

Object.create deciduous_bush_1
Object.absoluteTransformation [-0.96254/0.0378373/0.268369/0][0.0343066/0.999252/-0.0178394/0][-0.268843/-0.00796433/-0.963118/0][-888.324/21.3619/-1017.08/1]
Object.isOvergrowth 1

Object.create fir_medium
Object.absoluteTransformation [0.981115/0/0.193424/0][0/1/0/0][-0.193424/0/0.981115/0][-1012.7/47.1392/-966.478/1]
Object.isOvergrowth 1

Object.create fir_medium
Object.absoluteTransformation [0.982514/0/0.186191/0][0/1/0/0][-0.186191/0/0.982514/0][-910.675/34.054/-843.464/1]
Object.isOvergrowth 1

Object.create fir_medium
Object.absoluteTransformation [-0.978681/0/0.205386/0][0/1/0/0][-0.205386/0/-0.978681/0][-1018.74/65.0798/-857.332/1]
Object.isOvergrowth 1

Object.create birch_green_2
Object.absoluteTransformation [0.210116/0/0.977677/0][0/1/0/0][-0.977677/0/0.210116/0][-967.396/44.1563/-966.826/1]
Object.isOvergrowth 1

Object.create fir_tall
Object.absoluteTransformation [-0.623431/0/0.781878/0][0/1/0/0][-0.781878/0/-0.623431/0][-922.673/38.6273/-860.735/1]
Object.isOvergrowth 1

Object.create nc_deadlog01
Object.absoluteTransformation [-0.368845/-0.0059678/-0.928225/0][0.0425219/0.998823/-0.0233185/0][0.927272/-0.0480708/-0.368157/0][-898.664/21.601/-999.963/1]
Object.isOvergrowth 1

Object.create nc_fern01
Object.absoluteTransformation [0.676513/-0.219709/0.611259/0][0.395667/0.91176/-0.110186/0][-0.533113/0.316397/0.703749/0][-1020.62/62.3577/-847.162/1]
Object.isOvergrowth 1

Object.create nc_deadlog01
Object.absoluteTransformation [0.939566/-0.220232/0.178826/0][0.252184/0.956432/-0.147107/0][-0.138637/0.183314/0.95417/0][-1011.34/46.7913/-934.711/1]
Object.isOvergrowth 1

Object.create fir_medium
Object.absoluteTransformation [-0.956598/0/-0.291412/0][0/1/0/0][0.291412/0/-0.956598/0][-948.338/34.5902/-961.633/1]
Object.isOvergrowth 1

Object.create fir_tall
Object.absoluteTransformation [-0.0674057/0/0.997726/0][0/1/0/0][-0.997726/0/-0.0674057/0][-1019.9/70.716/-838.781/1]
Object.isOvergrowth 1

Object.create fir_tall
Object.absoluteTransformation [0.995912/0/-0.0903328/0][0/1/0/0][0.0903328/0/0.995912/0][-911.25/32.9084/-928.348/1]
Object.isOvergrowth 1

Object.create fir_tall
Object.absoluteTransformation [-0.458378/0/0.888757/0][0/1/0/0][-0.888757/0/-0.458378/0][-902.146/31.2533/-947.461/1]
Object.isOvergrowth 1

Object.create deciduous_bush_1
Object.absoluteTransformation [0.921074/-0.200929/-0.332831/0][0.181568/0.979364/-0.0887667/0][0.343799/0.0213291/0.938548/0][-967.271/33.0677/-971.023/1]
Object.isOvergrowth 1

Object.create birch_green_2
Object.absoluteTransformation [-0.591145/0/0.806566/0][0/1/0/0][-0.806566/0/-0.591145/0][-958.376/46.5311/-916.499/1]
Object.isOvergrowth 1

Object.create deciduous_bush_1
Object.absoluteTransformation [-0.788233/0.0196154/-0.615008/0][0.0205947/0.999773/0.00549191/0][0.614976/-0.00833698/-0.788458/0][-887.32/21.3039/-1020.51/1]
Object.isOvergrowth 1

Object.create fir_medium
Object.absoluteTransformation [-0.157742/0/0.98748/0][0/1/0/0][-0.98748/0/-0.157742/0][-981.634/37.2774/-994.308/1]
Object.isOvergrowth 1

Object.create fir_tall
Object.absoluteTransformation [0.953206/0/-0.302323/0][0/1/0/0][0.302323/0/0.953206/0][-918.488/38.9505/-843.964/1]
Object.isOvergrowth 1

Object.create birch_green_2
Object.absoluteTransformation [-0.519562/0/0.854433/0][0/1/0/0][-0.854433/0/-0.519562/0][-1021.86/67.7223/-893.295/1]
Object.isOvergrowth 1

Object.create birch_green_2
Object.absoluteTransformation [0.731266/0/-0.682092/0][0/1/0/0][0.682092/0/0.731266/0][-906.687/39.161/-849.365/1]
Object.isOvergrowth 1

Object.create fir_medium
Object.absoluteTransformation [0.59556/0/-0.803311/0][0/1/0/0][0.803311/0/0.59556/0][-1015.53/56.7376/-909.486/1]
Object.isOvergrowth 1

Object.create deciduous_bush_1
Object.absoluteTransformation [0.445991/0.0520767/0.870447/0][0.155805/0.978052/-0.138344/0][-0.858547/0.197321/0.428088/0][-965.546/29.8968/-999.052/1]
Object.isOvergrowth 1

Object.create fir_tall
Object.absoluteTransformation [0.912856/0/0.408281/0][0/1/0/0][-0.408281/0/0.912856/0][-997.061/45.8192/-972.033/1]
Object.isOvergrowth 1

Object.create largeshrub_low_10m
Object.absoluteTransformation [-0.826345/0.0471455/0.561174/0][0.0411526/0.998881/-0.0233198/0][-0.561645/0.00382356/-0.82736/0][-896.275/21.9868/-993.767/1]
Object.isOvergrowth 1

Object.create deciduous_bush_1
Object.absoluteTransformation [0.52065/-0.246559/-0.804246/0][0.256562/0.958065/-0.127623/0][0.801987/-0.139892/0.562074/0][-992.531/44.643/-921.637/1]
Object.isOvergrowth 1

Object.create deciduous_bush_1
Object.absoluteTransformation [-0.540029/0.112128/-0.7803/0][0.306247/0.948947/-0.0755844/0][0.731988/-0.279782/-0.546797/0][-972.383/51.7593/-797.713/1]
Object.isOvergrowth 1

Object.create fir_medium
Object.absoluteTransformation [0.858037/0/0.513589/0][0/1/0/0][-0.513589/0/0.858037/0][-989.685/42.0961/-966.634/1]
Object.isOvergrowth 1

Object.create largeshrub_low_10m
Object.absoluteTransformation [0.918241/-0.237599/0.256488/0][0.278877/0.95339/-0.115217/0][-0.217158/0.177325/0.941703/0][-978.628/42.8932/-898.818/1]
Object.isOvergrowth 1

Object.create birch_green_2
Object.absoluteTransformation [0.853566/0/-0.520985/0][0/1/0/0][0.520985/0/0.853566/0][-964.432/46.357/-937.474/1]
Object.isOvergrowth 1

Object.create fir_medium
Object.absoluteTransformation [0.97199/0/-0.235024/0][0/1/0/0][0.235024/0/0.97199/0][-998.249/41.1686/-985.386/1]
Object.isOvergrowth 1

Object.create nc_deadlog01
Object.absoluteTransformation [0.807935/-0.204287/-0.547788/0][0.21046/0.976131/-0.0536204/0][0.545667/-0.0719657/0.831645/0][-943.776/29.8744/-944.227/1]
Object.isOvergrowth 1

Object.create deciduous_bush_1
Object.absoluteTransformation [-0.0774288/-0.109367/-0.969128/0][0.1976/0.972216/-0.125503/0][0.955927/-0.201217/-0.0536666/0][-985.576/37.6685/-961.906/1]
Object.isOvergrowth 1

Object.create nc_deadlog01
Object.absoluteTransformation [0.944238/-0.266675/0.112763/0][0.283386/0.950947/-0.124063/0][-0.0741473/0.149101/0.973493/0][-989.591/46.3023/-894.664/1]
Object.isOvergrowth 1

Object.create fir_tall
Object.absoluteTransformation [0.188894/0/0.981997/0][0/1/0/0][-0.981997/0/0.188894/0][-1001.32/38.7044/-1021.21/1]
Object.isOvergrowth 1

Object.create nc_deadlog01
Object.absoluteTransformation [-0.960506/0.237547/0.141852/0][0.230671/0.970925/-0.0640013/0][-0.152931/-0.0287524/-0.987375/0][-917.058/28.614/-869.564/1]
Object.isOvergrowth 1

Object.create nc_fern01
Object.absoluteTransformation [-0.15726/-0.0428849/-0.949789/0][0.256486/0.96272/-0.0859361/0][0.918066/-0.257122/-0.140398/0][-969.899/38.0508/-921.692/1]
Object.isOvergrowth 1

Object.create nc_fern01
Object.absoluteTransformation [0.652047/-0.360832/-0.637111/0][0.395612/0.911634/-0.111422/0][0.621017/-0.179396/0.737177/0][-1020.8/60.579/-861.924/1]
Object.isOvergrowth 1

Object.create fir_tall
Object.absoluteTransformation [0.916668/0/0.39965/0][0/1/0/0][-0.39965/0/0.916668/0][-935.246/36.2433/-940.381/1]
Object.isOvergrowth 1

Object.create fir_tall
Object.absoluteTransformation [-0.996213/0/-0.0869488/0][0/1/0/0][0.0869488/0/-0.996213/0][-981.26/45.2641/-951.233/1]
Object.isOvergrowth 1

Object.create fir_medium
Object.absoluteTransformation [-0.409331/0/0.912386/0][0/1/0/0][-0.912386/0/-0.409331/0][-996.496/52.8979/-898.247/1]
Object.isOvergrowth 1

Object.create deciduous_bush_1
Object.absoluteTransformation [0.96887/-0.227415/0.0314933/0][0.230305/0.969382/-0.0851995/0][-0.0111534/0.0898003/0.99158/0][-956.995/34.4265/-931.637/1]
Object.isOvergrowth 1

Object.create nc_fern01
Object.absoluteTransformation [0.448762/-0.0154859/0.844399/0][0.265266/0.956241/-0.12344/0][-0.805537/0.279385/0.433232/0][-1006.89/50.3485/-903.406/1]
Object.isOvergrowth 1

Object.create nc_deadlog01
Object.absoluteTransformation [-0.716408/0.14359/-0.625197/0][0.288579/0.950848/-0.112298/0][0.578342/-0.26087/-0.722632/0][-1004.52/54.8942/-862.225/1]
Object.isOvergrowth 1

Object.create nc_fern01
Object.absoluteTransformation [-0.0827203/0.0813825/0.980074/0][0.167488/0.983558/-0.0675355/0][-0.969456/0.158564/-0.0949908/0][-937.937/27.4863/-970.012/1]
Object.isOvergrowth 1

Object.create fir_medium
Object.absoluteTransformation [0.949427/0/-0.313989/0][0/1/0/0][0.313989/0/0.949427/0][-922.688/36.3139/-852.537/1]
Object.isOvergrowth 1

Object.create largeshrub_low_10m
Object.absoluteTransformation [0.967329/-0.133682/0.0267403/0][0.139538/0.967699/-0.209971/0][0.00219285/0.206843/0.954737/0][-976.213/27.7789/-1021.32/1]
Object.isOvergrowth 1

Object.create fir_tall
Object.absoluteTransformation [-0.852935/0/0.522018/0][0/1/0/0][-0.522018/0/-0.852935/0][-924.185/42.8756/-812.222/1]
Object.isOvergrowth 1

Object.create fir_tall
Object.absoluteTransformation [-0.459833/0/0.888005/0][0/1/0/0][-0.888005/0/-0.459833/0][-956.469/33.7595/-1016.26/1]
Object.isOvergrowth 1

Object.create deciduous_bush_1
Object.absoluteTransformation [0.884005/-0.228261/0.349235/0][0.289776/0.950489/-0.112256/0][-0.30632/0.200434/0.906381/0][-1008.72/56.5771/-865.916/1]
Object.isOvergrowth 1

Object.create nc_fern01
Object.absoluteTransformation [-0.685911/0.0301467/-0.703021/0][0.153768/0.982197/-0.107907/0][0.687252/-0.182117/-0.678335/0][-972.701/31.6834/-990.175/1]
Object.isOvergrowth 1

Object.create fir_medium
Object.absoluteTransformation [-0.623914/0/0.781493/0][0/1/0/0][-0.781493/0/-0.623914/0][-1012.79/50.1763/-947.052/1]
Object.isOvergrowth 1

Object.create fir_mixed02
Object.absoluteTransformation [0.999243/0/0.0389091/0][0/1/0/0][-0.0389091/0/0.999243/0][-994.565/58.1673/-864.343/1]
Object.isOvergrowth 1

Object.create fir_medium
Object.absoluteTransformation [-0.967335/0/0.253503/0][0/1/0/0][-0.253503/0/-0.967335/0][-1014.35/53.1094/-931.855/1]
Object.isOvergrowth 1

Object.create nc_fern01
Object.absoluteTransformation [-0.408024/0.022265/-0.884782/0][0.212748/0.974332/-0.0735922/0][0.860432/-0.218263/-0.402288/0][-959.951/33.4039/-946.245/1]
Object.isOvergrowth 1

Object.create fir_medium
Object.absoluteTransformation [-0.490706/0/-0.871325/0][0/1/0/0][0.871325/0/-0.490706/0][-1013.32/41.6847/-1000.28/1]
Object.isOvergrowth 1

Object.create fir_medium
Object.absoluteTransformation [0.962268/0/-0.272105/0][0/1/0/0][0.272105/0/0.962268/0][-954.899/31.9779/-1004.37/1]
Object.isOvergrowth 1

Object.create nc_fern01
Object.absoluteTransformation [-0.0967177/-0.104076/-0.943308/0][0.287792/0.948254/-0.134129/0][0.908455/-0.284449/-0.0617605/0][-1008.05/52.0483/-893.195/1]
Object.isOvergrowth 1

Object.create nc_fern01
Object.absoluteTransformation [0.949834/-0.233481/-0.204509/0][0.220158/0.971601/-0.0867289/0][0.218951/0.0373537/0.974262/0][-973.722/36.7292/-942.953/1]
Object.isOvergrowth 1

Object.create nc_deadlog01
Object.absoluteTransformation [-0.50426/0.146617/0.846505/0][0.150197/0.985317/-0.0811876/0][-0.84598/0.0862029/-0.518877/0][-948.495/28.5729/-976.083/1]
Object.isOvergrowth 1

Object.create birch_green_2
Object.absoluteTransformation [-0.650264/0/0.759708/0][0/1/0/0][-0.759708/0/-0.650264/0][-1002.51/67.2587/-850.017/1]
Object.isOvergrowth 1

Object.create fir_medium
Object.absoluteTransformation [0.785024/0/0.619465/0][0/1/0/0][-0.619465/0/0.785024/0][-994.903/50.7702/-911.499/1]
Object.isOvergrowth 1

Object.create fir_tall
Object.absoluteTransformation [-0.856312/0/0.516459/0][0/1/0/0][-0.516459/0/-0.856312/0][-901.317/30.5514/-977.055/1]
Object.isOvergrowth 1

Object.create fir_medium
Object.absoluteTransformation [0.233462/0/0.972366/0][0/1/0/0][-0.972366/0/0.233462/0][-982.842/54.1221/-853.493/1]
Object.isOvergrowth 1

Object.create nc_deadlog01
Object.absoluteTransformation [0.44316/-0.168668/-0.856916/0][0.25702/0.964725/-0.0569685/0][0.836297/-0.194999/0.470878/0][-904.804/29.7715/-805.516/1]
Object.isOvergrowth 1

Object.create fir_medium
Object.absoluteTransformation [0.813831/0/0.581102/0][0/1/0/0][-0.581102/0/0.813831/0][-1001.97/53.5438/-905.167/1]
Object.isOvergrowth 1

Object.create fir_tall
Object.absoluteTransformation [0.862226/0/-0.506524/0][0/1/0/0][0.506524/0/0.862226/0][-992.438/63.3583/-822.488/1]
Object.isOvergrowth 1

Object.create largeshrub_low_10m
Object.absoluteTransformation [0.753348/-0.102487/0.637966/0][0.15726/0.987185/-0.0271138/0][-0.627011/0.120753/0.759811/0][-910.703/27.5728/-873.386/1]
Object.isOvergrowth 1

Object.create fir_tall
Object.absoluteTransformation [-0.327532/0/-0.94484/0][0/1/0/0][0.94484/0/-0.327532/0][-906.71/31.8464/-937.562/1]
Object.isOvergrowth 1

Object.create largeshrub_low_10m
Object.absoluteTransformation [-0.884979/0.145703/-0.406998/0][0.204668/0.974082/-0.0963141/0][0.382416/-0.168535/-0.891862/0][-962.388/33.3408/-953.576/1]
Object.isOvergrowth 1

Object.create fir_medium
Object.absoluteTransformation [-0.492895/0/-0.870089/0][0/1/0/0][0.870089/0/-0.492895/0][-1005.48/40.2558/-1000.4/1]
Object.isOvergrowth 1

Object.create fir_medium
Object.absoluteTransformation [-0.286438/0/-0.958099/0][0/1/0/0][0.958099/0/-0.286438/0][-1015.12/62.9749/-864.177/1]
Object.isOvergrowth 1

Object.create birch_green_2
Object.absoluteTransformation [0.995922/0/0.0902217/0][0/1/0/0][-0.0902217/0/0.995922/0][-925.502/47.3734/-803.715/1]
Object.isOvergrowth 1

Object.create deciduous_bush_1
Object.absoluteTransformation [0.96482/-0.204046/0.0158191/0][0.206724/0.96495/-0.161669/0][0.0177233/0.159252/0.973184/0][-1010.74/38.7343/-989.989/1]
Object.isOvergrowth 1

Object.create largeshrub_low_10m
Object.absoluteTransformation [-0.53306/0.259313/0.785993/0][0.290841/0.949704/-0.116076/0][-0.77656/0.166724/-0.581668/0][-1009.69/57.1739/-859.255/1]
Object.isOvergrowth 1

Object.create nc_deadlog01
Object.absoluteTransformation [-0.551475/0.0336625/-0.829395/0][0.0875392/0.996002/-0.0177814/0][0.825481/-0.0824106/-0.552218/0][-897.798/22.69/-965.604/1]
Object.isOvergrowth 1

Object.create nc_fern01
Object.absoluteTransformation [-0.464693/-0.0489447/-0.858583/0][0.162225/0.97627/-0.143455/0][0.84523/-0.205946/-0.445726/0][-968.615/30.1776/-996.869/1]
Object.isOvergrowth 1

Object.create fir_medium
Object.absoluteTransformation [-0.965685/0/-0.259715/0][0/1/0/0][0.259715/0/-0.965685/0][-1000.01/56.6137/-877.517/1]
Object.isOvergrowth 1

Object.create fir_medium
Object.absoluteTransformation [0.823187/0/-0.567771/0][0/1/0/0][0.567771/0/0.823187/0][-966.697/44.2548/-898.306/1]
Object.isOvergrowth 1

Object.create fir_tall
Object.absoluteTransformation [-0.0324358/0/-0.999474/0][0/1/0/0][0.999474/0/-0.0324358/0][-909.104/37.5262/-830.852/1]
Object.isOvergrowth 1

Object.create fir_medium
Object.absoluteTransformation [-0.999619/0/0.0276029/0][0/1/0/0][-0.0276029/0/-0.999619/0][-979.458/57.2061/-810.77/1]
Object.isOvergrowth 1

Object.create fir_tall
Object.absoluteTransformation [-0.299609/0/0.954062/0][0/1/0/0][-0.954062/0/-0.299609/0][-991.933/48.0542/-947.037/1]
Object.isOvergrowth 1

Object.create nc_deadlog01
Object.absoluteTransformation [0.930513/-0.298357/-0.205994/0][0.280084/0.953041/-0.115175/0][0.230684/0.049476/0.970382/0][-983.383/43.8801/-899.292/1]
Object.isOvergrowth 1

Object.create fir_tall
Object.absoluteTransformation [0.963854/0/0.266432/0][0/1/0/0][-0.266432/0/0.963854/0][-987.401/48.5991/-935.058/1]
Object.isOvergrowth 1

Object.create largeshrub_low_10m
Object.absoluteTransformation [0.46102/-0.239543/-0.843186/0][0.23623/0.960991/-0.143849/0][0.844752/-0.132868/0.499623/0][-994.719/42.2771/-938.73/1]
Object.isOvergrowth 1

Object.create fir_medium
Object.absoluteTransformation [0.231089/0/-0.972933/0][0/1/0/0][0.972933/0/0.231089/0][-1014.33/66.8165/-828.645/1]
Object.isOvergrowth 1

Object.create fir_tall
Object.absoluteTransformation [-0.983899/0/-0.178724/0][0/1/0/0][0.178724/0/-0.983899/0][-1022.74/72.9831/-828.791/1]
Object.isOvergrowth 1

Object.create fir_medium
Object.absoluteTransformation [-0.922883/0/-0.385081/0][0/1/0/0][0.385081/0/-0.922883/0][-912.763/29.5714/-954.279/1]
Object.isOvergrowth 1

Object.create fir_tall
Object.absoluteTransformation [-0.62296/0/0.782254/0][0/1/0/0][-0.782254/0/-0.62296/0][-902.694/31.1636/-962.656/1]
Object.isOvergrowth 1

Object.create deciduous_bush_1
Object.absoluteTransformation [-0.384919/0.0276249/-0.902376/0][0.187269/0.981043/-0.0498485/0][0.883893/-0.188174/-0.382796/0][-913.384/28.673/-869.042/1]
Object.isOvergrowth 1

Object.create nc_fern01
Object.absoluteTransformation [-0.290089/0.200286/0.924512/0][0.198268/0.968955/-0.147703/0][-0.925393/0.140454/-0.320794/0][-1015.41/41.7345/-974.679/1]
Object.isOvergrowth 1

Object.create fir_medium
Object.absoluteTransformation [-0.492387/0/0.870377/0][0/1/0/0][-0.870377/0/-0.492387/0][-955.585/36.2907/-957.41/1]
Object.isOvergrowth 1

Object.create fir_medium
Object.absoluteTransformation [0.59894/0/-0.800794/0][0/1/0/0][0.800794/0/0.59894/0][-905.418/33.1505/-838.866/1]
Object.isOvergrowth 1

Object.create nc_deadlog01
Object.absoluteTransformation [-0.955226/0.290102/0.00313323/0][0.28991/0.955232/-0.0590314/0][-0.0201181/-0.0554801/-0.996566/0][-919.152/34.1629/-799.513/1]
Object.isOvergrowth 1

Object.create nc_fern01
Object.absoluteTransformation [0.621429/-0.105991/0.740867/0][0.245671/0.966985/-0.0677255/0][-0.709229/0.224096/0.626951/0][-912.022/30.1142/-837.311/1]
Object.isOvergrowth 1

Object.create fir_medium
Object.absoluteTransformation [-0.166111/0/-0.986107/0][0/1/0/0][0.986107/0/-0.166111/0][-908.601/30.5689/-898.441/1]
Object.isOvergrowth 1

Object.create nc_deadlog01
Object.absoluteTransformation [0.165568/-0.123581/-0.956514/0][0.223962/0.970738/-0.0866518/0][0.939234/-0.199876/0.188401/0][-974.927/36.7897/-942.099/1]
Object.isOvergrowth 1

Object.create nc_fern01
Object.absoluteTransformation [0.255868/0.209588/0.927478/0][0.112308/0.962125/-0.2484/0][-0.944411/0.167721/0.222638/0][-986.529/28.9187/-1022.42/1]
Object.isOvergrowth 1

Object.create nc_fern01
Object.absoluteTransformation [0.826418/-0.288047/-0.473911/0][0.298287/0.952659/-0.0588725/0][0.468434/-0.0927084/0.873215/0][-1005.88/61.7936/-798.773/1]
Object.isOvergrowth 1

Object.create nc_fern01
Object.absoluteTransformation [-0.723084/0.172931/-0.608998/0][0.310287/0.945372/-0.0999668/0][0.558442/-0.261248/-0.737242/0][-980.24/49.1625/-847.708/1]
Object.isOvergrowth 1

Object.create nc_fern01
Object.absoluteTransformation [0.165264/-0.112578/-0.904267/0][0.391341/0.919244/-0.0429212/0][0.836074/-0.346783/0.195974/0][-1022.43/66.7908/-803.519/1]
Object.isOvergrowth 1

Object.create nc_deadlog01
Object.absoluteTransformation [0.93216/-0.299352/0.168907/0][0.314835/0.947339/-0.0585437/0][-0.142487/0.10775/0.977318/0][-1019.64/65.1093/-809.515/1]
Object.isOvergrowth 1

Object.create nc_fern01
Object.absoluteTransformation [-0.458978/0.0615074/-0.806243/0][0.350363/0.927733/-0.128679/0][0.740063/-0.341538/-0.447358/0][-1019.97/59.7301/-865.566/1]
Object.isOvergrowth 1

Object.create nc_fern01
Object.absoluteTransformation [-0.885088/0.348506/-0.223829/0][0.389915/0.912951/-0.12036/0][0.162399/-0.193803/-0.94393/0][-1021.84/61.9198/-854.73/1]
Object.isOvergrowth 1

Object.create nc_fern01
Object.absoluteTransformation [0.815659/-0.0449458/0.545522/0][0.141495/0.981271/-0.130714/0][-0.52943/0.183807/0.806742/0][-967.832/29.2137/-1002.63/1]
Object.isOvergrowth 1

Object.create largeshrub_low_10m
Object.absoluteTransformation [-0.900029/0.120849/-0.416108/0][0.129362/0.991564/0.00817023/0][0.413585/-0.0464751/-0.90807/0][-914.044/24.9306/-946.614/1]
Object.isOvergrowth 1

Object.create nc_deadlog01
Object.absoluteTransformation [-0.158475/0.205832/0.951781/0][0.194785/0.964884/-0.176234/0][-0.954632/0.157463/-0.193003/0][-1013.79/37.6944/-994.894/1]
Object.isOvergrowth 1

Object.create deciduous_bush_1
Object.absoluteTransformation [0.752295/-0.183639/0.581556/0][0.297727/0.95087/-0.0848783/0][-0.537397/0.236998/0.770009/0][-1009.14/62.1149/-815.99/1]
Object.isOvergrowth 1

Object.create birch_green_2
Object.absoluteTransformation [-0.269665/0/0.962954/0][0/1/0/0][-0.962954/0/-0.269665/0][-992.428/60.716/-878.146/1]
Object.isOvergrowth 1

Object.create nc_fern01
Object.absoluteTransformation [0.742841/-0.0966314/-0.661722/0][0.0929011/0.994832/-0.0409858/0][0.662263/-0.0310288/0.747979/0][-898.824/22.8747/-971.551/1]
Object.isOvergrowth 1

Object.create largeshrub_low_10m
Object.absoluteTransformation [0.646838/-0.101085/0.744141/0][0.166546/0.985974/-0.0108322/0][-0.732609/0.13094/0.654601/0][-916.467/26.3773/-920.771/1]
Object.isOvergrowth 1

Object.create nc_deadlog01
Object.absoluteTransformation [0.855157/-0.358512/-0.374356/0][0.33075/0.933507/-0.138453/0][0.399101/-0.00541874/0.916873/0][-1019.6/51.2346/-922.218/1]
Object.isOvergrowth 1

Object.create nc_fern01
Object.absoluteTransformation [0.352451/-0.209497/-0.901592/0][0.204726/0.968034/-0.144904/0][0.903129/-0.133508/0.384074/0][-998.388/37.347/-979.191/1]
Object.isOvergrowth 1

Object.create fir_tall
Object.absoluteTransformation [-0.394299/0/-0.918982/0][0/1/0/0][0.918982/0/-0.394299/0][-939.503/34.5056/-982.14/1]
Object.isOvergrowth 1

Object.create deciduous_bush_1
Object.absoluteTransformation [-0.989208/0.076532/-0.113235/0][0.0820405/0.995668/-0.0437549/0][0.109396/-0.0525726/-0.991202/0][-905.342/23.966/-972.07/1]
Object.isOvergrowth 1

Object.create fir_medium
Object.absoluteTransformation [-0.0484976/0/0.998823/0][0/1/0/0][-0.998823/0/-0.0484976/0][-1005.52/45.4874/-966.688/1]
Object.isOvergrowth 1

Object.create fir_medium
Object.absoluteTransformation [-0.158704/0/0.987326/0][0/1/0/0][-0.987326/0/-0.158704/0][-1013.08/65.7914/-835.214/1]
Object.isOvergrowth 1

Object.create nc_fern01
Object.absoluteTransformation [-0.712853/0.12015/-0.627222/0][0.281653/0.949509/-0.138219/0][0.578946/-0.275189/-0.710701/0][-1010.96/55.0275/-878.245/1]
Object.isOvergrowth 1

Object.create fir_medium
